../../../.git/annex/objects/6Q/fG/MD5E-s29838--e2b0ce9265da38129f14f62368ada131.tsv/MD5E-s29838--e2b0ce9265da38129f14f62368ada131.tsv