../../../.git/annex/objects/KZ/QP/MD5E-s13--f20fac332cb7aad44d1f715d8e6aba59.csv/MD5E-s13--f20fac332cb7aad44d1f715d8e6aba59.csv